2ƒ≠--> 3¡Ÿ
7ƒ≠ --> 19/20
2ƒ≠ --> 6¡Ÿ
6ƒ≠ 16¡Ÿ
# pinBean 8

0 0 0 1 0 0 0 0
0 0 0 0 1 0 0 0
0 0 0 0 0 1 0 0
0 0 0 0 0 1 0 0
0 0 0 0 0 1 0 0
0 0 0 0 0 1 0 0
0 0 0 0 1 0 0 0
0 0 0 1 0 0 0 0


# fork sky 7

0 1 0 0 0 0 0 0
0 1 0 0 0 0 0 0
1 0 0 0 0 0 0 0
1 0 0 0 0 0 0 0
1 0 0 0 0 0 0 0
0 1 0 0 0 0 0 0
0 1 0 0 0 0 0 0


# fork sausage 11

0 0 1 1 0 0 0 0
0 0 0 1 1 0 0 0
0 0 0 0 1 1 0 0
0 0 0 0 0 1 1 0
0 0 0 0 0 0 0 1
0 0 0 0 0 0 0 1
0 0 0 0 0 0 1 0
0 0 0 0 1 1 0 0
0 0 0 1 1 0 0 0
0 0 0 1 0 0 0 0
0 0 1 1 0 0 0 0


# ∞ÒµÂ ƒ⁄¿Œ «œ≈ı <3
3 3 3 2 2 3 3 3
3 3 2 2 2 2 3 3
3 3 2 2 2 2 2 3
3 2 2 2 2 2 2 2
3 2 2 2 2 2 3 3
2 2 2 2 2 3 3 3
3 2 2 2 2 2 3 3
3 2 2 2 2 2 2 2
3 3 2 2 2 2 2 3
3 3 2 2 2 2 3 3
3 3 3 2 2 3 3 3

# ∞ı Hi !
5 5 5 5 5 5 5 5
5 5 5 5 5 5 5 5
0 0 0 5 5 0 0 0
0 0 0 5 5 0 0 0
5 5 5 5 5 5 5 5
5 5 5 5 5 5 5 5
0 0 0 0 0 0 0 0
5 5 5 5 0 0 5 5
5 5 5 5 0 0 5 5
0 0 0 0 0 0 0 0
4 4 0 0 4 4 4 4
4 4 0 0 4 4 4 4

